03297 MAESTRO   1902202123010200020500000000000000000000000000
13100025032YSTK 921309541520190918     1308179                   1099310 00000000000000055249
200000000000000055249521211101200006092130954150000010000000000425297683100025032             3              2              1    1308179    1099310
13100025032YSTK 921309541620190918     6517531                   5476917 00000000000000055253
200000000000000055253521211083100011092130954160000040000000000521413883100025032             2              2              2    1255210    1054798
200000000000000055253521211100800004092130954160000050000000000965993563100025032             2              1              1     822050     690798
200000000000000055253521211100800011092130954160000060000000000964749773100025032             1              1              1     671989     564697
200000000000000055253521211100800012092130954160000030000000000964765453100025032             4              3              3    1031248     866595
200000000000000055253521211111000008092130954160000010000000000426213153100025032             2              1              1    2521650    2119034
200000000000000055253521211121400009092130954160000020000000000090085633100025032             2              1              1     215384     180995
13100025032YSTK 921309546420190918     7322970                   7322970 00000000000000055174
200000000000000055174521210901200002092130954640000010000000000956319153100025032            30             30             30    7322970    7322970
13100025032YSTK 921309559520190918      244188                    205200 00000000000000055249
200000000000000055249521211121000008092130955950000010000000000953741283100025032             1              1              1     244188     205200
13100025032YSTK 921309561220190918      254656                    213997 00000000000000055248
200000000000000055248521211100900010092130956120000010000000000965439513100025032             1              1              1     138156     116098
200000000000000055248521211100900015092130956120000020000000000090488603100025032             1              1              1     116500      97899
13100025032YSTK 921309563920190918     1094560                    919798 00000000000000055248
200000000000000055248521211100900003092130956390000010000000000090166303100025032             1              1              1     339981     285698
200000000000000055248521211111100006092130956390000020000000000425327653100025032             1              1              1     754579     634100
13100025032YSTK 921309569520190918      197302                    165800 00000000000000055252
200000000000000055252521211111100004092130956950000010000000000951615953100025032             2              2              2       9282       7800
200000000000000055252521211121500007092130956950000020000000000956144433100025032            20             10             10      14280      12000
200000000000000055252521211121500008092130956950000030000000000090224953100025032             2              2              2     173740     146000
13100025032YSTK 921309572620190918     2132900                   1792353 00000000000000055253
200000000000000055253521211100900007092130957260000120000000000135153163100025032             1              1              1     285137     239611
200000000000000055253521211100900008092130957260000160000000000965533053100025032             1              1              1      15589      13100
200000000000000055253521211100900016092130957260000150000000000115194443100025032            20             25             25     235620     198000
200000000000000055253521211101100001092130957260000140000000089741178103100025032             1              1              1      23681      19900
200000000000000055253521211101100004092130957260000130000000000135264953100025032             1              1              1      42603      35801
200000000000000055253521211101100011092130957260000050000000000963975173100025032             1              1              1      50456      42400
13100025032ZVOR 921309552220190918      758350                    637269 00000000000000054897
200000000000000054897521210244900002092130955220000010000000000945366533100025032             1              1              1      53921      45312
200000000000000054897521210518600001092130955220000020000000089808054903100025032             1              1              1      59539      50033
200000000000000054897521210649700004092130955220000030000000000969817673100025032             2              1              1      55606      46728
200000000000000054897521210878100009192130955220000040000000000426046713100025032             1              1              1     589284     495196
13100025032ZVOR 921309592920190918       98152                     82481 00000000000000054949
200000000000000054949521210408300014192130959290000010000000089427230213100025032             3              1              1      98152      82481
13100025032ZVOR 921309624620190919     1559370                   1310395 00000000000000054854
200000000000000054854521210163900002092130962460000010000000089814068253100025032             1              1              1    1559370    1310395
